001100110101111010111101101110100000000010000001011101010111110101010001001101101101110001100001010110100011011100110010111101110111101111110010101110
001110100110000010100101011100011101011000100110010010101101100011010111111110011000110100001000010001111000010011011010001011000011000010011111001001
101010011100110011011011000111010001010110111111010011011001100101110100001010011011011001011110101000010000111000011111111011011011111011101100111101
000000110001101011110111010011111001011101010111110001111110100100010001110000100110100100110110000000010101001011001100010111001010110001100010100101
000100001101110010100110100101001111110000010000110111000010100110111010100000100000011000100011011101111110111000000101011010000010011101100100111001
011010101110011101111010010100001011111011000001101111100000011001001011101000111011001010101011000111000110100100010111110101010011000110001011010001
011011000110000010001111010101111011000010001000100001101101101111101010100110010110000101101100101101010100000011011101010010111111000111001101001100
011101100001001010011100000111101100001100000001000111101001101100110011011100011101011100000001001010011010111111001001000010010001100000011111000111
101101011111111000010101011010000100000110110010110010000011010101011101001100001001001000001100110010100101101001111000111010011110100000100000001111
111000001000101000011110001101101111000101001100010010011001101100111110000110001100001100011110011001100100010000010001101100010110000111010001110100
111001001011100001011000101101110111110000111010001011101011000000000000010101100110110110011011101010111111011001110101101111001111010110001011010001
101011111000011001010011100010010010110000001110000001100101100111101110011000011011100111011010011101111011101100110110111110110110010101101011000101
101100000000000110001011011111010011100001010100100000010100010110101100100011010010111111001010001100001010110111000100100100111101010001110010010110
001111110101011000111001101010000010010110101110110110100001011010110011100111111011111101001111011011100010101100000010001110010010000001111101111111
111100011001110011000100100101010000100100111100010111000001101111011010010111100110100011000011011100011011100000010010010111001111001100110001000001
011000101111100000111101001101010011110010111111101101001111111001111000101000111101111111010111111011100100111010111100111110101100001100011010010111
010001101111001101001011111010111110101010111010000111011000000001110000101010110110001110101011011110111001010100100001101010111100101010111111011101
011000100001000011100001000001000110111101100011010010010000101110011001100011011001110101001000000110011011000101010100100001100100001110100111011010
000000110100110011100000110011100100100010001000000111100011001100001110011101010011110010011001111010110010111001110101010010110000011100001110011001
110001011010100010011101111100110000011101111011111111110100101100001000100010010111010100100110010100101001000001010010100101011100000111101010010101
000111100000000111011001000100011111011101001010001011001000001000100010001101011111101001111010011010010000110111100101100010001100110001001001000110
110010100100110110010000011001001111001111001001010110001010011110010011011011111010001000001101010011010010001110100110000000111011001100010000001100
000111011101110101000100010000101011111011000101001100111010011101001001101101111001010101101011001111110010100111001000111011000011101100101001010111
000000011001111000100011100100111110011111010011111011000110111011010001111110111001110101101000110000110001111111110100000110001001010100111011010100
011000110111000110001000100101100101010001001101001100000001010101000010101010101100000001000010011100011001001100011000101100001100011001100001100010
001110011111100110011011001110011000000010100111011001110001000100010011000100001011101010110100101100001000001010010111011111011001011000111111111111
000101001000110010001000010001011111010001110111000100100010101101100001110010100010110011110010101001110100001010001110111111111111100011011100100101
100011000010001100011100111000111100001100111010110101111110000000011000000110100011100000011111110010011000111100111000101001010110111100101111000100
111100010011010011011000011000111111110010110111011001010000110101100110010000000100010100011101001011001011010111101000110000001011100110101010100010
111010010011101101001001011000110101110010100010010000111101111010001001111100011011101101001000111100111110000000111001100001110111110010010011001001
011001110110011000011101100111101001010110011111011111101101101010000101110101000011110010110110111011101100110010101110011100001100110110100001111011
000010001001001100000010111101000001111011100000010111010010000011000010000010011110101001010001000010101111100001110110010101100100111001010011100011
011001100101001001111110001010011100000001101010001111000000010111011111110111010111010010010000011011110001110010000000000110000101110110101010011101
101011001011001011110100010101000000011010100010010101000010111101110000111110110110011100000101000111001010001000101101111001100110000001110001110101
101000001010010100111011000010001001111101011001101110010011000100010101100110101110110001101110100110100000010000001100100111100011010011101101011111
101100011011001001010011001000100100010100000000111011011010000001001011111110010001110011010101000101101010111101100100110110001001001011001111011101
110001001110111111011111011101001011010110100110000001000001001111101100010011100101001010001110101100001111001001111110111011001001101101101101000011
111000011011000000011100110001100111010101110100001101011010001011100111011101100101000011101001011111011000000111100101111010000011011111001111010011
100011110101110011010101100011001111001100101111110011010101100100110100010011001101100100000001010010000001011011110001111111101001110100000010000001
100100110110110011101001001111100111010101101010111101100101110011110001101011001011101111001010001111110100010011101000011000000010001100110010000011
101010100101001100000100000100001100000111011110011010001101111001100000100011010000100100110101111111100110110001011000010010010101000110111000001011
101001101110001111011101100001011101100000001010111001011101000011110111111101111010101101010010111011011100111010001110100110100000011010111010100000
010110010110000100001100100110110101100001101100111000111001100110001101101111001001001100011101101100101001100000011010011001111001011010110111111110
000100000010001010100100010110011000000101100111001000011101100111110101101101011111110010110000001011000011101110111000010101111101000010111101111110
000010111010111100101100110111000011100011100011000101100101010010010111100001101010101010010010101110111010000110110000001110001011000110110111111100
011100101101000100100011110000100000010011001101000011001101111001100100101110101100010111101101101111110010100110010100011100111101011110000010001011
010101110000110100101010111111001101111000011110111011110100000110000110001001010110010110000110000101000101010001011011010111010001111001000000010000
000010001110100111001001101110111001000011101010000000100001010110010110000100011100111101110110101001001001010001010110101011111111011111110011111101
100110100110101001010111011110011110111110001101101111000011000011000110100101011101000110100011010001010001100000011010101110100001111000101010101101
110001100000000111100010000100001001010111110110101101100101000011110100101010110001000011110101001011011001100010001001011111111011000001001011010110
011000011010100101001100010100100100000000111100001011111001000011000111000111100101011000110111010100001111101000111111100001101001110111011010011101
011001011010101001000110111011110110000100001111111101110111010001111011101011110100100101111110010101100000110100110000101100010000101101010001110101
001001001011111000100110010010001110011010011111011110110110000011110001011100001010011010101011001100101101101001001010110011101111111111010111010111
011011100101001010011000101101011001101011011011110101011001000110100100111110100011000001111101011010010101101001100000110111110001001000101111011110
011110110111110010010110100110000010010101110111010111010110110101011011101111001110110010001010001001101111000100100000000110011010000110001010010011
110100111111101010110101100101010111001100001001001110101000110100111011010101011010000110000111110011100110111110100011010100110001110000101110111010
101000001110111001010110100011110011110000100101001011000111001100101011000110111110011100010111100000010111110010100000011010001110100000101111010000
000011111001110001001010111111010001010010000000010101100001100111011001100111011101011110011110010111100100100110010010101101010000001110011010100110
001101011101010000010000101101010100100110111100100100111000010001100000001111010001001111101000001111000111101111110010110111101111101010110100010000
101010000010110001111100101001100110100100110011110001110101001101100110111110110101110111110010111010000000100101100000011111010000100000011101100001
100000100001011110010001110110110011011011101000001101111101010011001111000011111000010000001111011111010011001100000100011000101001001110110111111101
000000111000010001000011110000101101010000110011011011110011100101001001100000111101101010100011000001110110001100111111100000100101111001111111110001
001111010111010111110111111011011100110000010101000001111011000100110101111110011110110111000010110001101110100011101111101011011101101000111101001100
101101010011101010100000100011001001010100100111100110011000010101000101110011101100111010000000011010110001010110001011011000010111101000101000110111
011101010110000111111010000101011110101000010000000000010111010101110100000011110100000011110111110100000001110000010010110011000101110100110011011100
001111100110010001000111110100100010100011000011101101000101000000011101101101101110101101010110100101101000100001010101011111011010011110100100100000
111111101000110000011111011111000110101001100101001101010111101011000101000000101011110011000010101100111000101110101110110010100000111001010011100001
011110001101001001111010011110010110001001110101111100000111010000101000001111110101011100100101101110110000011101010000011011100111110010000001110001
101000001101010111001101110000100010101010101011000111010001100111100001100100001110111010000001100000101111010111001000011010000010101011011110001111
000010111000111100010111110011110111101100101000100001001010011110010101111010001000000001111010011010111100001100110101100111111010110101010001011011
011100000111001100010110111001101000011000000001100010011110001001010000101110111111110011101101110111001000111100101101100011111001101000011000010010
111010011010101001000011111010101100001110000001001100000110011011100001011011010011100110010100000001110100000011001100000010001001100001010000111111
001101110010110010001111101001101010000101111011010111001111100110110000100101111010010010100011100001011111010110010111010111011001001100101000011110
101010011101011100110010001101100010001111001000111111011011001101011110010100101101111101011010001111001110011110111101010101011001000111011001000101
001111011011001110110000001011110010100000111001110110101101011001101110101100100011001011001000011010010010111100101000001001101100110110111011111100
110001100100111010110101100011111000110111101010010000111111000111001101111111111100000000100010010010101001111101100000001010010101100001010111011011
100011111001011000101101100100011010110000100001100111010000000100010111010101011101100101011100010011101110110111011011001110100101011111000010000000
011110110000100010011010000100011110111010111010010100110000110011010110111010101010000100010101011110110010010011111101110110001101101101111000101000
100000001101011010011111110011100011000100011101111101101110100011110011110001010111010011011110111010001011100000010110110111000101110100000000001100
100100110110111101001011110101110110111100001100111010101010011010000111111111011110000000000101111101011101111011011111111111001110010011110110100101
110111011101110101011001010110010100000101111011101101011100010001110101111000111110000001001010110000011101010100010101111011001111011001101011111100
011111111100010111111111111101011000110011011100010011001101010110011011110001011011010000111110001101000101011010001011010100100100010110001011000110
001110010100100101110000110110011110000110110111001001111001001110101110000001001000011101010100101000101101110010110101001011001111111101101100010010
001100111111101111101101110000100011000001010100100110011101001101100100001100100110110011001000111011011001011011110010011100011100011001000000010110
111000001011111011111111001101101011100011110010101110000110111110101100011010101100010110001101110011111111000011100000111100111100000001101110101011
101001000111001100110010101011100011111101110101010111101101011111101101011100011010001101010111111011111001111001000001100101011010101000000011001111
000110001001101110011110010100101101110100110000110010000101100010000010111000001100010110101101011101001011010001110010100001000101110010011010111110
010100110001000000101110010101000010011111010100000001000100110100011101001101100100010111101110101001011100100000100010001001000000100001100011101011
001001001001111001110100011000010010000101000001100100011000001010001100100111001100011001001011001100101111100010000001001100011110111000111010100010
001000101001101000100111111111110101111000100111011101000111110001011110001101101101100110010101101111110100001101110110010000100011011011100010001111
100100111000011001010101100010001100110001000011101001110000001111111111111110100011110001110111000101110100110001001110010100101100001101111000110101
000000010101011111011111001001000111010010100111100011110001110111100100000010011100001001010001010111011011111010001010101000111011100110001101000111
100010101000011001001010111010101011111011000111011111100000111000011001110001001011011010000000010001100101011010100001011101000010100101001101110011
001010110010010011011100100000100010001100100110000111011001000111010000100100100110110001110101111100000010101011110101100010110110001011100111001110
111010100110011100100001011101111011101111100100100010100011101000000001010011111111000110101101001110101100100111001001100101011011011001011111000101
000111110110111001110011011001101001100110011100110111110000110101101111000100111001011001010110000010000111101110110110001110110110001001011000000000
111100100110001001111111101111001111100010101010101100001010101111011011101001110111101101110110100001010000100111110000000011000011100101110111101000
001000001101000000011010100000001011000010011100001001001000110101111110101101111010100110100111111001000110110011100011011011100111001000011110111100
101101100110110001101110011010110111001100101011110101011101100001100010110110110110001001111101101000011100101101101100011111000000011100101010011101
100111101011000011110010110001101000100010100100110000100010110000100100101000001011000110110011111000011111110011011000000001101000101000110100001010
111000100010000111011000100000001010100111001100001110011100101001011110110001000011000110101100111010100000101111111110000111001101101101011111011001
110000100100110011110010011111000111010010110111001111111001001110001001000111010100011101100110110010100111101000010111010001010110101001001100010101
110011110100000111011100101001000110000000001010111000001100000111001100000001110101010001000110011101111011111001011110100101100110000101100000010000
010011011111011000110011000010000100000100110010000011000000001010001111100101000110110001111110000011101101100001010111000011011011101100100111000000
011110000110110101110100110100000100100100000111000110111011010011000100011110101011111011111111110010111010011111111100101111011001001011011011011010
101010010101001000111101001001100111100100010101101001101100100111110110100110010000011010110010001111000100001001001010100110001111011010010010100001
110011100111111110100101101101000110000111000011101001011101110101111111101101001101010011001011111000110111111111111110100101011111111001001110101011
111011000000001100100100101111101110001011001101001011010000010101101111000110100001101110110001100011010101111001111101100101111101101101110001000111
110100011010100001110011011110000110110001001110110110000001000011101011110100010000010100011100001001011101000011111000110100011100011001101110010001
111100110000100010110111011000001110011010111101000000101100011001111000110010101110011111011011011110011100010100011101101100011011101011110111001011
101000010101010011000101000111110010000011100110001001111011011011010110111000110010000000011001100111110011110011111001001010001101101101001111110111
000010001010101000101000011110111001000011000001110111001110011010100110100000001011101110010000101101111010000011001011101011010000111011101101011001
000111100111011010100100010101001010101010101000000101110101001101001101101000110101001111010101111001001001100000110010110000010110101011011000001010
011111111110010000010010100010001110011010011001100000111110111011010100101011101001111111100100110001001011101110101110001000101111011101010010000110
110101000100001011001100101001000111011100010001101110010010100011000001100110111110000100100001011110000100010000010100001000000111010111011000111011
100101101111100011110100010111100101000111110110100010100110011001001011100111001111100100111111000001000001101001000010101000110010010111011000100101
011111101001011110100110111110001011010011101110000110010110011110010010111010101110011010001000011010101110001011001111010011011111100011000001011000
111000111011000101111011110110100100010111011101110011111111110011011011100101100001001010111001001111011100011001011010001011100011110000111111011001
001011000010010110101000101010111001001010010101111011010011011000010100111110010011101111011110110001010011110001011000011000010111001000111111101011
101000001111010011011010111001111011001100010110000101101001011101010101101100101010001100100101101010111010101000110011010110001100000001000111001000
110000000011011111100010001111101101000111001011101110100000110111100100101111010110101111011100011100000111001011000100110111010011111101001000110001
100011010100000011101100000001001110010010111010010010000100010110100000011111111110101001111011110010010100100111000000111110010110001110110001010010
101000111011001111111100110011110010000101111101000001001101010000100100011000011000111000000011000101000101110101000101101011010011000100101000010010
000010011110100110101101011111000100001011111101101110111101101111000110110011011001101010110100110111011001010100010100100010111101010111100011101111
000111111110010010011000101111101111000100010100100101011100011111100100100011000101011001100110101111001000001101110100000100110001000000101001000001
111001010001011011001011000101111011100100010111010110010101000001010100000011000010110101001000111001001100000001100010110000000100110001010101101100
001000100001110000000101010111001110001110000110100111111010101010110000011111101101100111101010010010011101000101111011111010011010110010001110111101
101100101000010010010000111111000110100001111001100100111111111100111000011110101111111100000110001111010111011111010101000011001101111111101001111101
100111001110000010010010100011001000000111100001000001111010111001111111011101010101110001101000011010001100100010111011111000110010101100001110001101
110111111100001010100000000011011110101111110010100110101010011011010111001100000010000110001010000000101010010010010101001111011011000011111100010110
111101111010011101101110000110010001100000110001110011101011001110010110110110001010010011000001010000010111001101000111001010011101100110000001010000
111010100000000110010000101000110001111011011001111110111010111110001101001110111111011001100100001101001010101101011111111000000000000101100001010101
101010001110100000001011000011101110110011010101001000100100111011011110000011100101101101110001100111101011000001000101101100001000110001010100011101
111011111010100111111001000111110011010100100110100111000111110100110111000100000010011010101011111110100001000001011011111000101001011010001010011011
000101111000011011101100100111110010000101000110110010000110010011111010100010100110001111001101011101000110100001001100000010011000011000001111010011
000001000010001111101001110001010100110111101001000110101111101111010111101101111110101100100001000110101001100100110001000101100000101000101010101010
110001110011000011001111011010110110100111010001110110011011011011010010001001010001111101100010100011010000111011110100001101011000100011001011111000
011000001101111000010100011110111001001011100111100000001111001011010001100100110010011001111101101110010111101011111010011010010111010110100111110110
011101011010100101010001001001100011011000100101110000000101001001011000100001101011101001000111000110001001001010001010001100100001011010110010101101
111110001101111101110101011000001111001101011100001011011010110001111001110011001111000011011101001100011101111101101100100101010001010100101001110100
000011000010010001111101111100000110010000000111011011100001111111101101000101011010110011101000100110100010010011010100101101000110100000010101000001
100111001100110110000101110100001111011110111110101101000010010011110111001101010011110111001011010001010100010010000011110111101000001100101010000101
101011111110111101000000100011000000010110001110101110100000001100101001100100100011011100100011100100001101000011011111100010111000110110010100011000
011001000001100010011101011111111100001010000111101000000010010010000001110111101000010111000010010111111100110100010001101100111100010001111011101100
011001000100000111110010111111110100011101000100001110000110001011110001111101110001000101000010101000011101010011100001110011101101110001000001011000
011000010001101110001111000111011011101010000001010101100111011100100111001000111000110110110110000100110011100111011100011000010000011010010110000001
110000010011011110011000000100101001011011000111111000111001001101010011111111111010110110100011001100111011110000111111001100001110010111101110010011
111101000100100111000110101111000101111101111101101111001100001110010111000000010101100101110100111101000110101110101110110011111111010110001111100111
111011000101001111011010101010000100111001011001101100100010110100110010100101010000010001111111101101111000000110001100101010000011011101110001000110
101011000110010111011000101000000101000001001101000010001110100000110010101110010010000001110011001100101001010101110000000000111101011100101011101101
